[Setup]
Tooltips=1
InterfaceGlint=1
InterfaceRain=1
Soluce4=1
Movies=1
FocusLostPause=1
OldCameraScroll=0
CameraInvertX=0
CameraInvertY=0
InterfaceEffect=1
Blood=1
Autosave=1
AutosaveInterval=5
AutosaveSlots=3
ObjectDirty=1
FogMode=1
LightMode=1
JoystickIndex=-1
ParticleDensity=1
ClippingDistance=1
AudioVolume=100
MusicVolume=100
EditIndentMode=1
EditIndentValue=4
PauseBlur=1
MipmapLevel=1
Anisotropy=1
ShadowColor=0.5
ShadowRange=0
MSAA=2
FilterMode=1
ShadowMapping=1
ShadowMappingQuality=1
ShadowMappingResolution=1024
JoystickAxisBinding0=0
JoystickAxisInvert0=0
JoystickAxisBinding1=1
JoystickAxisInvert1=0
JoystickAxisBinding2=2
JoystickAxisInvert2=0
JoystickAxisBinding3=-1
JoystickAxisInvert3=0
JoystickAxisBinding4=-1
JoystickAxisInvert4=0
JoystickAxisBinding5=-1
JoystickAxisInvert5=0
JoystickDeadzone=0.200000003
Resolution=800x600
Fullscreen=1
[Experimental]
TerrainShadows=0
[Keybindings]
_Version=SDL2
left=1073741904 97
right=1073741903 100
up=1073741906 119
down=1073741905 115
gup=2147483749 2147484648
gdown=2147483748 2147484648
camera=32 2147484648
desel=1073741922 2147484648
action=13 101
cleft=1073741916 2147484648
cright=1073741918 2147484648
cup=1073741920 2147484648
cdown=1073741914 2147484648
near=1073741911 2147484648
away=1073741910 2147484648
camalt=2147483750 2147484648
next=9 2147484648
human=1073741898 2147484648
quit=27 2147484648
help=1073741882 2147484648
prog=1073741883 2147484648
visit=1073741923 2147484648
speed_dec=1073741887 2147484648
speed_reset=1073741888 2147484648
speed_inc=1073741889 2147484648
quicksave=1073741886 2147484648
quickload=1073741890 2147484648
pause=1073741896 112
cmdline=96 2147484648
[Edit]
FontSize=19
WindowPosX=0.150000006
WindowPosY=0.170000002
WindowDimX=0.699999988
WindowDimY=0.660000026
WindowMaximized=0
IOPublic=0
IOPosX=0.25
IOPosY=0.223958343
IODimX=0.5
IODimY=0.552083313
[Language]
Lang=
[Gamer]
LastName=Player
